$RXN

  EC-BLAST     temp

  1  1
$MOL
Alpha-d-galactosyl-d-galactosyl-d-glucosylsphingosine
  RDT     08292415172D

122124  0  0  1  0  0  0  0  0999 V2000
    9.8663    1.1012    0.0000 C   0  0  2  0  0  0  0  0  0  1  0  0
   17.9268    2.0215    0.0000 H   0  0  0  0  0  0  0  0  0 55  0  0
   17.9480    0.5217    0.0000 O   0  0  0  0  0  0  0  0  0  2  0  0
   11.1529    1.8725    0.0000 H   0  0  0  0  0  0  0  0  0 56  0  0
   16.6597   -0.2466    0.0000 C   0  0  2  0  0  0  0  0  0  3  0  0
    9.3204    2.5178    0.0000 O   0  0  0  0  0  0  0  0  0  4  0  0
   16.1268    1.1555    0.0000 H   0  0  0  0  0  0  0  0  0 57  0  0
    7.8395    2.7614    0.0000 C   0  0  1  0  0  0  0  0  0  5  0  0
   17.6400   -1.3819    0.0000 C   0  0  0  0  0  0  0  0  0  6  0  0
    8.3361    4.1768    0.0000 H   0  0  0  0  0  0  0  0  0 58  0  0
    6.8953    1.6087    0.0000 C   0  0  1  0  0  0  0  0  0  7  0  0
   17.1470   -2.7986    0.0000 H   0  0  0  0  0  0  0  0  0 59  0  0
    5.9197    2.7481    0.0000 H   0  0  0  0  0  0  0  0  0 60  0  0
    5.1888    0.6047    0.0000 O   0  0  0  0  0  0  0  0  0  8  0  0
   19.1134   -1.1006    0.0000 C   0  0  0  0  0  0  0  0  0  9  0  0
    3.8836    1.3440    0.0000 C   0  0  2  0  0  0  0  0  0 10  0  0
    4.8357    2.5031    0.0000 H   0  0  0  0  0  0  0  0  0 61  0  0
   19.6065    0.3161    0.0000 H   0  0  0  0  0  0  0  0  0 62  0  0
    2.8929    2.4944    0.0000 O   0  0  0  0  0  0  0  0  0 11  0  0
    1.4164    2.2255    0.0000 C   0  0  1  0  0  0  0  0  0 12  0  0
   20.0938   -2.2359    0.0000 C   0  0  0  0  0  0  0  0  0 13  0  0
    1.4078    3.7254    0.0000 H   0  0  0  0  0  0  0  0  0 63  0  0
    0.9151    0.8223    0.0000 C   0  0  2  0  0  0  0  0  0 14  0  0
   18.8055   -3.0042    0.0000 H   0  0  0  0  0  0  0  0  0 64  0  0
   -0.3870    1.5670    0.0000 H   0  0  0  0  0  0  0  0  0 65  0  0
   -0.3542   -0.6974    0.0000 O   0  0  0  0  0  0  0  0  0 15  0  0
   20.6267   -3.6381    0.0000 H   0  0  0  0  0  0  0  0  0 66  0  0
   -1.8320   -0.4403    0.0000 C   0  0  1  0  0  0  0  0  0 16  0  0
   -1.3254    0.9716    0.0000 H   0  0  0  0  0  0  0  0  0 67  0  0
   21.5671   -1.9546    0.0000 C   0  0  0  0  0  0  0  0  0 17  0  0
   -3.1520    0.3097    0.0000 O   0  0  0  0  0  0  0  0  0 18  0  0
   -4.4520   -0.4403    0.0000 C   0  0  1  0  0  0  0  0  0 19  0  0
   22.8554   -1.1863    0.0000 H   0  0  0  0  0  0  0  0  0 68  0  0
   -4.9647    0.9694    0.0000 H   0  0  0  0  0  0  0  0  0 69  0  0
   -4.4520   -1.9303    0.0000 C   0  0  2  0  0  0  0  0  0 20  0  0
   21.0342   -0.5524    0.0000 H   0  0  0  0  0  0  0  0  0 70  0  0
   -5.9287   -1.6671    0.0000 H   0  0  0  0  0  0  0  0  0 71  0  0
   -4.9701   -3.3380    0.0000 O   0  0  0  0  0  0  0  0  0 21  0  0
   23.1749   -3.8165    0.0000 C   0  0  0  0  0  0  0  0  0 22  0  0
   -6.4482   -3.5931    0.0000 H   0  0  0  0  0  0  0  0  0 72  0  0
   -3.1520   -2.6903    0.0000 C   0  0  2  0  0  0  0  0  0 23  0  0
   21.8866   -4.5848    0.0000 H   0  0  0  0  0  0  0  0  0 73  0  0
   -4.1208   -3.8355    0.0000 H   0  0  0  0  0  0  0  0  0 74  0  0
   -2.1908   -3.8419    0.0000 O   0  0  0  0  0  0  0  0  0 24  0  0
   23.7078   -5.2186    0.0000 H   0  0  0  0  0  0  0  0  0 75  0  0
   -2.7075   -5.2501    0.0000 H   0  0  0  0  0  0  0  0  0 76  0  0
   -1.8320   -1.9303    0.0000 C   0  0  1  0  0  0  0  0  0 25  0  0
   -1.3201   -3.3402    0.0000 H   0  0  0  0  0  0  0  0  0 77  0  0
   25.5912   -3.3551    0.0000 C   0  0  0  0  0  0  0  0  0 26  0  0
   -0.3546   -1.6704    0.0000 O   0  0  0  0  0  0  0  0  0 27  0  0
   26.8795   -2.5868    0.0000 H   0  0  0  0  0  0  0  0  0 78  0  0
    0.6091   -2.8199    0.0000 H   0  0  0  0  0  0  0  0  0 79  0  0
   -6.8746   -0.8672    0.0000 C   0  0  0  0  0  0  0  0  0 28  0  0
   25.0583   -1.9529    0.0000 H   0  0  0  0  0  0  0  0  0 80  0  0
   27.5127   -5.5803    0.0000 C   0  0  0  0  0  0  0  0  0 29  0  0
   -8.3518   -0.6066    0.0000 H   0  0  0  0  0  0  0  0  0 81  0  0
   26.2244   -6.3486    0.0000 H   0  0  0  0  0  0  0  0  0 82  0  0
   28.0456   -6.9824    0.0000 H   0  0  0  0  0  0  0  0  0 83  0  0
   -6.8745    0.6328    0.0000 H   0  0  0  0  0  0  0  0  0 84  0  0
   28.9861   -5.2990    0.0000 C   0  0  0  0  0  0  0  0  0 30  0  0
   -7.3878   -2.2767    0.0000 O   0  0  0  0  0  0  0  0  0 31  0  0
   30.2744   -4.5307    0.0000 H   0  0  0  0  0  0  0  0  0 85  0  0
   28.4532   -3.8968    0.0000 H   0  0  0  0  0  0  0  0  0 86  0  0
   -8.8651   -2.5370    0.0000 H   0  0  0  0  0  0  0  0  0 87  0  0
   30.5938   -7.1609    0.0000 C   0  0  0  0  0  0  0  0  0 32  0  0
   29.3055   -7.9292    0.0000 H   0  0  0  0  0  0  0  0  0 88  0  0
    1.8836   -0.3307    0.0000 C   0  0  2  0  0  0  0  0  0 33  0  0
   31.1268   -8.5630    0.0000 H   0  0  0  0  0  0  0  0  0 89  0  0
    0.5860   -1.0832    0.0000 H   0  0  0  0  0  0  0  0  0 90  0  0
   32.0672   -6.8795    0.0000 C   0  0  0  0  0  0  0  0  0 34  0  0
   33.3555   -6.1112    0.0000 H   0  0  0  0  0  0  0  0  0 91  0  0
    2.4013   -1.7386    0.0000 O   0  0  0  0  0  0  0  0  0 35  0  0
   31.5343   -5.4774    0.0000 H   0  0  0  0  0  0  0  0  0 92  0  0
   33.6750   -8.7414    0.0000 C   0  0  0  0  0  0  0  0  0 36  0  0
    1.4409   -2.8908    0.0000 H   0  0  0  0  0  0  0  0  0 93  0  0
   32.3867   -9.5097    0.0000 H   0  0  0  0  0  0  0  0  0 94  0  0
    3.3823   -0.0592    0.0000 C   0  0  1  0  0  0  0  0  0 37  0  0
   34.2079  -10.1436    0.0000 H   0  0  0  0  0  0  0  0  0 95  0  0
    3.3900   -1.5591    0.0000 H   0  0  0  0  0  0  0  0  0 96  0  0
   36.5628   -8.1900    0.0000 C   0  0  0  0  0  0  0  0  0 38  0  0
    4.8610   -0.3115    0.0000 O   0  0  0  0  0  0  0  0  0 39  0  0
   37.8511   -7.4217    0.0000 H   0  0  0  0  0  0  0  0  0 97  0  0
    5.3818   -1.7182    0.0000 H   0  0  0  0  0  0  0  0  0 98  0  0
   36.0299   -6.7879    0.0000 H   0  0  0  0  0  0  0  0  0 99  0  0
   -0.0623    2.4773    0.0000 C   0  0  0  0  0  0  0  0  0 40  0  0
   37.5431   -9.3253    0.0000 C   0  0  0  0  0  0  0  0  0 41  0  0
   -1.5380    2.2083    0.0000 H   0  0  0  0  0  0  0  0  0100  0  0
   36.2548  -10.0936    0.0000 H   0  0  0  0  0  0  0  0  0101  0  0
   -0.0536    0.9774    0.0000 H   0  0  0  0  0  0  0  0  0102  0  0
   -0.5835    3.8839    0.0000 O   0  0  0  0  0  0  0  0  0 42  0  0
   38.0760  -10.7275    0.0000 H   0  0  0  0  0  0  0  0  0103  0  0
   -2.0622    4.1357    0.0000 H   0  0  0  0  0  0  0  0  0104  0  0
   40.4310   -8.7739    0.0000 C   0  0  0  0  0  0  0  0  0 43  0  0
    7.4194    0.1970    0.0000 C   0  0  2  0  0  0  0  0  0 44  0  0
   41.7193   -8.0056    0.0000 H   0  0  0  0  0  0  0  0  0105  0  0
    5.9443   -0.0750    0.0000 H   0  0  0  0  0  0  0  0  0106  0  0
   39.8980   -7.3717    0.0000 H   0  0  0  0  0  0  0  0  0107  0  0
    7.4333   -1.3029    0.0000 O   0  0  0  0  0  0  0  0  0 45  0  0
   41.4113   -9.9092    0.0000 C   0  0  0  0  0  0  0  0  0 46  0  0
    6.1412   -2.0649    0.0000 H   0  0  0  0  0  0  0  0  0108  0  0
   40.2760  -10.8895    0.0000 H   0  0  0  0  0  0  0  0  0109  0  0
    8.9222   -0.0515    0.0000 C   0  0  1  0  0  0  0  0  0 47  0  0
    8.4247   -1.4666    0.0000 H   0  0  0  0  0  0  0  0  0110  0  0
   42.3916  -11.0445    0.0000 H   0  0  0  0  0  0  0  0  0111  0  0
   10.2297   -0.7866    0.0000 O   0  0  0  0  0  0  0  0  0 48  0  0
   42.5466   -8.9289    0.0000 H   0  0  0  0  0  0  0  0  0112  0  0
   10.2469   -2.2865    0.0000 H   0  0  0  0  0  0  0  0  0113  0  0
   14.2434   -0.7080    0.0000 C   0  0  2  0  0  0  0  0  0 49  0  0
    6.5317    3.4961    0.0000 C   0  0  0  0  0  0  0  0  0 50  0  0
   12.9551   -1.4763    0.0000 H   0  0  0  0  0  0  0  0  0114  0  0
    5.0516    3.7392    0.0000 H   0  0  0  0  0  0  0  0  0115  0  0
   13.2630    0.4273    0.0000 C   0  0  0  0  0  0  0  0  0 51  0  0
    6.0353    2.0806    0.0000 H   0  0  0  0  0  0  0  0  0116  0  0
   14.5513    1.1956    0.0000 H   0  0  0  0  0  0  0  0  0117  0  0
    6.5141    4.9960    0.0000 O   0  0  0  0  0  0  0  0  0 52  0  0
    5.2064    5.7307    0.0000 H   0  0  0  0  0  0  0  0  0118  0  0
   12.7301    1.8294    0.0000 H   0  0  0  0  0  0  0  0  0119  0  0
   14.7763   -2.1102    0.0000 N   0  3  0  0  0  0  0  0  0 53  0  0
   10.8467   -0.0341    0.0000 O   0  0  0  0  0  0  0  0  0 54  0  0
   13.3741   -2.6431    0.0000 H   0  0  0  0  0  0  0  0  0120  0  0
   15.3092   -3.5123    0.0000 H   0  0  0  0  0  0  0  0  0121  0  0
   16.1784   -1.5772    0.0000 H   0  0  0  0  0  0  0  0  0122  0  0
  1  4  1  6  0  0  0 
  1  6  1  0  0  0  0 
  1102  1  0  0  0  0 
  1119  1  1  0  0  0 
  3  2  1  0  0  0  0 
  5  3  1  6  0  0  0 
  5  7  1  1  0  0  0 
  9  5  1  0  0  0  0 
  5108  1  0  0  0  0 
  8  6  1  0  0  0  0 
  8 10  1  6  0  0  0 
 11  8  1  0  0  0  0 
  8109  1  1  0  0  0 
  9 12  1  0  0  0  0 
 15  9  2  0  0  0  0 
 11 13  1  1  0  0  0 
 11 14  1  6  0  0  0 
 94 11  1  0  0  0  0 
 16 14  1  1  0  0  0 
 15 18  1  0  0  0  0 
 21 15  1  0  0  0  0 
 16 17  1  6  0  0  0 
 16 19  1  0  0  0  0 
 16 77  1  0  0  0  0 
 20 19  1  0  0  0  0 
 20 22  1  6  0  0  0 
 23 20  1  0  0  0  0 
 20 85  1  1  0  0  0 
 21 24  1  0  0  0  0 
 21 27  1  0  0  0  0 
 30 21  1  0  0  0  0 
 23 25  1  6  0  0  0 
 23 26  1  1  0  0  0 
 67 23  1  0  0  0  0 
 28 26  1  6  0  0  0 
 28 29  1  1  0  0  0 
 28 31  1  0  0  0  0 
 28 47  1  0  0  0  0 
 30 33  1  0  0  0  0 
 30 36  1  0  0  0  0 
 39 30  1  0  0  0  0 
 32 31  1  0  0  0  0 
 32 34  1  6  0  0  0 
 35 32  1  0  0  0  0 
 32 53  1  1  0  0  0 
 35 37  1  6  0  0  0 
 35 38  1  1  0  0  0 
 41 35  1  0  0  0  0 
 38 40  1  0  0  0  0 
 39 42  1  0  0  0  0 
 39 45  1  0  0  0  0 
 49 39  1  0  0  0  0 
 41 43  1  6  0  0  0 
 41 44  1  1  0  0  0 
 47 41  1  0  0  0  0 
 44 46  1  0  0  0  0 
 47 48  1  1  0  0  0 
 47 50  1  6  0  0  0 
 49 51  1  0  0  0  0 
 49 54  1  0  0  0  0 
 55 49  1  0  0  0  0 
 50 52  1  0  0  0  0 
 53 56  1  0  0  0  0 
 53 59  1  0  0  0  0 
 53 61  1  0  0  0  0 
 55 57  1  0  0  0  0 
 55 58  1  0  0  0  0 
 60 55  1  0  0  0  0 
 60 62  1  0  0  0  0 
 60 63  1  0  0  0  0 
 65 60  1  0  0  0  0 
 61 64  1  0  0  0  0 
 65 66  1  0  0  0  0 
 65 68  1  0  0  0  0 
 70 65  1  0  0  0  0 
 67 69  1  6  0  0  0 
 67 72  1  1  0  0  0 
 77 67  1  0  0  0  0 
 70 71  1  0  0  0  0 
 70 73  1  0  0  0  0 
 74 70  1  0  0  0  0 
 72 75  1  0  0  0  0 
 74 76  1  0  0  0  0 
 74 78  1  0  0  0  0 
 80 74  1  0  0  0  0 
 77 79  1  1  0  0  0 
 77 81  1  6  0  0  0 
 80 82  1  0  0  0  0 
 80 84  1  0  0  0  0 
 86 80  1  0  0  0  0 
 81 83  1  0  0  0  0 
 85 87  1  0  0  0  0 
 85 89  1  0  0  0  0 
 85 90  1  0  0  0  0 
 86 88  1  0  0  0  0 
 86 91  1  0  0  0  0 
 93 86  1  0  0  0  0 
 90 92  1  0  0  0  0 
 93 95  1  0  0  0  0 
 93 97  1  0  0  0  0 
 99 93  1  0  0  0  0 
 94 96  1  6  0  0  0 
 94 98  1  1  0  0  0 
102 94  1  0  0  0  0 
 98100  1  0  0  0  0 
 99101  1  0  0  0  0 
 99104  1  0  0  0  0 
 99106  1  0  0  0  0 
102103  1  1  0  0  0 
102105  1  6  0  0  0 
105107  1  0  0  0  0 
108110  1  6  0  0  0 
108112  1  0  0  0  0 
108118  1  1  0  0  0 
109111  1  0  0  0  0 
109113  1  0  0  0  0 
109115  1  0  0  0  0 
112114  1  0  0  0  0 
112117  1  0  0  0  0 
112119  1  0  0  0  0 
115116  1  0  0  0  0 
118120  1  0  0  0  0 
118121  1  0  0  0  0 
118122  1  0  0  0  0 
M  CHG  1 118   1
M  END
$MOL
Alpha-d-galactosyl-d-galactosyl-d-glucosylsphingosine
  RDT     08292415172D

122124  0  0  1  0  0  0  0  0999 V2000
    9.8663    1.1012    0.0000 C   0  0  2  0  0  0  0  0  0  1  0  0
   27.5127   -5.5803    0.0000 C   0  0  0  0  0  0  0  0  0 29  0  0
   17.9268    2.0215    0.0000 H   0  0  0  0  0  0  0  0  0 55  0  0
   -8.3518   -0.6066    0.0000 H   0  0  0  0  0  0  0  0  0 81  0  0
   17.9480    0.5217    0.0000 O   0  0  0  0  0  0  0  0  0  2  0  0
   11.1529    1.8725    0.0000 H   0  0  0  0  0  0  0  0  0 56  0  0
   26.2244   -6.3486    0.0000 H   0  0  0  0  0  0  0  0  0 82  0  0
   16.6597   -0.2466    0.0000 C   0  0  2  0  0  0  0  0  0  3  0  0
    9.3204    2.5178    0.0000 O   0  0  0  0  0  0  0  0  0  4  0  0
   28.0456   -6.9824    0.0000 H   0  0  0  0  0  0  0  0  0 83  0  0
   16.1268    1.1555    0.0000 H   0  0  0  0  0  0  0  0  0 57  0  0
   -6.8745    0.6328    0.0000 H   0  0  0  0  0  0  0  0  0 84  0  0
   28.9861   -5.2990    0.0000 C   0  0  0  0  0  0  0  0  0 30  0  0
    7.8395    2.7614    0.0000 C   0  0  1  0  0  0  0  0  0  5  0  0
   17.6400   -1.3819    0.0000 C   0  0  0  0  0  0  0  0  0  6  0  0
    8.3361    4.1768    0.0000 H   0  0  0  0  0  0  0  0  0 58  0  0
   -7.3878   -2.2767    0.0000 O   0  0  0  0  0  0  0  0  0 31  0  0
   30.2744   -4.5307    0.0000 H   0  0  0  0  0  0  0  0  0 85  0  0
    6.8953    1.6087    0.0000 C   0  0  1  0  0  0  0  0  0  7  0  0
   17.1470   -2.7986    0.0000 H   0  0  0  0  0  0  0  0  0 59  0  0
    5.9197    2.7481    0.0000 H   0  0  0  0  0  0  0  0  0 60  0  0
   28.4532   -3.8968    0.0000 H   0  0  0  0  0  0  0  0  0 86  0  0
    5.1888    0.6047    0.0000 O   0  0  0  0  0  0  0  0  0  8  0  0
   -8.8651   -2.5370    0.0000 H   0  0  0  0  0  0  0  0  0 87  0  0
   30.5938   -7.1609    0.0000 C   0  0  0  0  0  0  0  0  0 32  0  0
   19.1134   -1.1006    0.0000 C   0  0  0  0  0  0  0  0  0  9  0  0
   29.3055   -7.9292    0.0000 H   0  0  0  0  0  0  0  0  0 88  0  0
    3.8836    1.3440    0.0000 C   0  0  2  0  0  0  0  0  0 10  0  0
    1.8836   -0.3307    0.0000 C   0  0  1  0  0  0  0  0  0 33  0  0
    4.8357    2.5031    0.0000 H   0  0  0  0  0  0  0  0  0 61  0  0
   19.6065    0.3161    0.0000 H   0  0  0  0  0  0  0  0  0 62  0  0
    2.8929    2.4944    0.0000 O   0  0  0  0  0  0  0  0  0 11  0  0
   31.1268   -8.5630    0.0000 H   0  0  0  0  0  0  0  0  0 89  0  0
    0.5860   -1.0832    0.0000 H   0  0  0  0  0  0  0  0  0 90  0  0
    1.4164    2.2255    0.0000 C   0  0  1  0  0  0  0  0  0 12  0  0
   32.0672   -6.8795    0.0000 C   0  0  0  0  0  0  0  0  0 34  0  0
   33.3555   -6.1112    0.0000 H   0  0  0  0  0  0  0  0  0 91  0  0
   20.0938   -2.2359    0.0000 C   0  0  0  0  0  0  0  0  0 13  0  0
    1.4078    3.7254    0.0000 H   0  0  0  0  0  0  0  0  0 63  0  0
    2.4013   -1.7386    0.0000 O   0  0  0  0  0  0  0  0  0 35  0  0
    0.9151    0.8223    0.0000 C   0  0  2  0  0  0  0  0  0 14  0  0
   31.5343   -5.4774    0.0000 H   0  0  0  0  0  0  0  0  0 92  0  0
   33.6750   -8.7414    0.0000 C   0  0  0  0  0  0  0  0  0 36  0  0
   18.8055   -3.0042    0.0000 H   0  0  0  0  0  0  0  0  0 64  0  0
    1.4409   -2.8908    0.0000 H   0  0  0  0  0  0  0  0  0 93  0  0
   32.3867   -9.5097    0.0000 H   0  0  0  0  0  0  0  0  0 94  0  0
   -0.3870    1.5670    0.0000 H   0  0  0  0  0  0  0  0  0 65  0  0
    3.3823   -0.0592    0.0000 C   0  0  1  0  0  0  0  0  0 37  0  0
   -0.3542   -0.6974    0.0000 O   0  0  0  0  0  0  0  0  0 15  0  0
   20.6267   -3.6381    0.0000 H   0  0  0  0  0  0  0  0  0 66  0  0
   34.2079  -10.1436    0.0000 H   0  0  0  0  0  0  0  0  0 95  0  0
    3.3900   -1.5591    0.0000 H   0  0  0  0  0  0  0  0  0 96  0  0
   -1.8320   -0.4403    0.0000 C   0  0  1  0  0  0  0  0  0 16  0  0
   36.5628   -8.1900    0.0000 C   0  0  0  0  0  0  0  0  0 38  0  0
   -1.3254    0.9716    0.0000 H   0  0  0  0  0  0  0  0  0 67  0  0
    4.8610   -0.3115    0.0000 O   0  0  0  0  0  0  0  0  0 39  0  0
   37.8511   -7.4217    0.0000 H   0  0  0  0  0  0  0  0  0 97  0  0
    5.3818   -1.7182    0.0000 H   0  0  0  0  0  0  0  0  0 98  0  0
   36.0299   -6.7879    0.0000 H   0  0  0  0  0  0  0  0  0 99  0  0
   21.5671   -1.9546    0.0000 C   0  0  0  0  0  0  0  0  0 17  0  0
   -3.1520    0.3097    0.0000 O   0  0  0  0  0  0  0  0  0 18  0  0
   -0.0623    2.4773    0.0000 C   0  0  0  0  0  0  0  0  0 40  0  0
   37.5431   -9.3253    0.0000 C   0  0  0  0  0  0  0  0  0 41  0  0
   -1.5380    2.2083    0.0000 H   0  0  0  0  0  0  0  0  0100  0  0
   -4.4520   -0.4403    0.0000 C   0  0  1  0  0  0  0  0  0 19  0  0
   36.2548  -10.0936    0.0000 H   0  0  0  0  0  0  0  0  0101  0  0
   22.8554   -1.1863    0.0000 H   0  0  0  0  0  0  0  0  0 68  0  0
   -0.0536    0.9774    0.0000 H   0  0  0  0  0  0  0  0  0102  0  0
   -0.5835    3.8839    0.0000 O   0  0  0  0  0  0  0  0  0 42  0  0
   -4.9647    0.9694    0.0000 H   0  0  0  0  0  0  0  0  0 69  0  0
   38.0760  -10.7275    0.0000 H   0  0  0  0  0  0  0  0  0103  0  0
   -4.4520   -1.9303    0.0000 C   0  0  2  0  0  0  0  0  0 20  0  0
   -2.0622    4.1357    0.0000 H   0  0  0  0  0  0  0  0  0104  0  0
   21.0342   -0.5524    0.0000 H   0  0  0  0  0  0  0  0  0 70  0  0
   40.4310   -8.7739    0.0000 C   0  0  0  0  0  0  0  0  0 43  0  0
    7.4194    0.1970    0.0000 C   0  0  2  0  0  0  0  0  0 44  0  0
   -5.9287   -1.6671    0.0000 H   0  0  0  0  0  0  0  0  0 71  0  0
   41.7193   -8.0056    0.0000 H   0  0  0  0  0  0  0  0  0105  0  0
    5.9443   -0.0750    0.0000 H   0  0  0  0  0  0  0  0  0106  0  0
   -4.9701   -3.3380    0.0000 O   0  0  0  0  0  0  0  0  0 21  0  0
   23.1749   -3.8165    0.0000 C   0  0  0  0  0  0  0  0  0 22  0  0
   39.8980   -7.3717    0.0000 H   0  0  0  0  0  0  0  0  0107  0  0
    7.4333   -1.3029    0.0000 O   0  0  0  0  0  0  0  0  0 45  0  0
   41.4113   -9.9092    0.0000 C   0  0  0  0  0  0  0  0  0 46  0  0
   -6.4482   -3.5931    0.0000 H   0  0  0  0  0  0  0  0  0 72  0  0
   -3.1520   -2.6903    0.0000 C   0  0  2  0  0  0  0  0  0 23  0  0
    6.1412   -2.0649    0.0000 H   0  0  0  0  0  0  0  0  0108  0  0
   40.2760  -10.8895    0.0000 H   0  0  0  0  0  0  0  0  0109  0  0
    8.9222   -0.0515    0.0000 C   0  0  1  0  0  0  0  0  0 47  0  0
   21.8866   -4.5848    0.0000 H   0  0  0  0  0  0  0  0  0 73  0  0
    8.4247   -1.4666    0.0000 H   0  0  0  0  0  0  0  0  0110  0  0
   42.3916  -11.0445    0.0000 H   0  0  0  0  0  0  0  0  0111  0  0
   -4.1208   -3.8355    0.0000 H   0  0  0  0  0  0  0  0  0 74  0  0
   -2.1908   -3.8419    0.0000 O   0  0  0  0  0  0  0  0  0 24  0  0
   10.2297   -0.7866    0.0000 O   0  0  0  0  0  0  0  0  0 48  0  0
   42.5466   -8.9289    0.0000 H   0  0  0  0  0  0  0  0  0112  0  0
   10.2469   -2.2865    0.0000 H   0  0  0  0  0  0  0  0  0113  0  0
   23.7078   -5.2186    0.0000 H   0  0  0  0  0  0  0  0  0 75  0  0
   -2.7075   -5.2501    0.0000 H   0  0  0  0  0  0  0  0  0 76  0  0
   14.2434   -0.7080    0.0000 C   0  0  2  0  0  0  0  0  0 49  0  0
    6.5317    3.4961    0.0000 C   0  0  0  0  0  0  0  0  0 50  0  0
   -1.8320   -1.9303    0.0000 C   0  0  1  0  0  0  0  0  0 25  0  0
   12.9551   -1.4763    0.0000 H   0  0  0  0  0  0  0  0  0114  0  0
    5.0516    3.7392    0.0000 H   0  0  0  0  0  0  0  0  0115  0  0
   -1.3201   -3.3402    0.0000 H   0  0  0  0  0  0  0  0  0 77  0  0
   13.2630    0.4273    0.0000 C   0  0  0  0  0  0  0  0  0 51  0  0
    6.0353    2.0806    0.0000 H   0  0  0  0  0  0  0  0  0116  0  0
   25.5912   -3.3551    0.0000 C   0  0  0  0  0  0  0  0  0 26  0  0
   -0.3546   -1.6704    0.0000 O   0  0  0  0  0  0  0  0  0 27  0  0
   14.5513    1.1956    0.0000 H   0  0  0  0  0  0  0  0  0117  0  0
    6.5141    4.9960    0.0000 O   0  0  0  0  0  0  0  0  0 52  0  0
   26.8795   -2.5868    0.0000 H   0  0  0  0  0  0  0  0  0 78  0  0
    5.2064    5.7307    0.0000 H   0  0  0  0  0  0  0  0  0118  0  0
   12.7301    1.8294    0.0000 H   0  0  0  0  0  0  0  0  0119  0  0
    0.6091   -2.8199    0.0000 H   0  0  0  0  0  0  0  0  0 79  0  0
   14.7763   -2.1102    0.0000 N   0  3  0  0  0  0  0  0  0 53  0  0
   10.8467   -0.0341    0.0000 O   0  0  0  0  0  0  0  0  0 54  0  0
   -6.8746   -0.8672    0.0000 C   0  0  0  0  0  0  0  0  0 28  0  0
   25.0583   -1.9529    0.0000 H   0  0  0  0  0  0  0  0  0 80  0  0
   13.3741   -2.6431    0.0000 H   0  0  0  0  0  0  0  0  0120  0  0
   15.3092   -3.5123    0.0000 H   0  0  0  0  0  0  0  0  0121  0  0
   16.1784   -1.5772    0.0000 H   0  0  0  0  0  0  0  0  0122  0  0
  1  6  1  6  0  0  0 
  1  9  1  0  0  0  0 
  1 89  1  0  0  0  0 
  1117  1  1  0  0  0 
  2  7  1  0  0  0  0 
  2 10  1  0  0  0  0 
 13  2  1  0  0  0  0 
  2108  1  0  0  0  0 
  5  3  1  0  0  0  0 
118  4  1  0  0  0  0 
  8  5  1  6  0  0  0 
  8 11  1  1  0  0  0 
 15  8  1  0  0  0  0 
  8100  1  0  0  0  0 
 14  9  1  0  0  0  0 
118 12  1  0  0  0  0 
 13 18  1  0  0  0  0 
 13 22  1  0  0  0  0 
 25 13  1  0  0  0  0 
 14 16  1  6  0  0  0 
 19 14  1  0  0  0  0 
 14101  1  1  0  0  0 
 15 20  1  0  0  0  0 
 26 15  2  0  0  0  0 
 17 24  1  0  0  0  0 
118 17  1  0  0  0  0 
 19 21  1  1  0  0  0 
 19 23  1  6  0  0  0 
 76 19  1  0  0  0  0 
 28 23  1  1  0  0  0 
 25 27  1  0  0  0  0 
 25 33  1  0  0  0  0 
 36 25  1  0  0  0  0 
 26 31  1  0  0  0  0 
 38 26  1  0  0  0  0 
 28 30  1  6  0  0  0 
 28 32  1  0  0  0  0 
 28 48  1  0  0  0  0 
 29 34  1  6  0  0  0 
 29 40  1  1  0  0  0 
 29 41  1  0  0  0  0 
 48 29  1  0  0  0  0 
 35 32  1  0  0  0  0 
 35 39  1  6  0  0  0 
 41 35  1  0  0  0  0 
 35 62  1  1  0  0  0 
 36 37  1  0  0  0  0 
 36 42  1  0  0  0  0 
 43 36  1  0  0  0  0 
 38 44  1  0  0  0  0 
 38 50  1  0  0  0  0 
 60 38  1  0  0  0  0 
 40 45  1  0  0  0  0 
 41 47  1  6  0  0  0 
 41 49  1  1  0  0  0 
 43 46  1  0  0  0  0 
 43 51  1  0  0  0  0 
 54 43  1  0  0  0  0 
 48 52  1  1  0  0  0 
 48 56  1  6  0  0  0 
 53 49  1  6  0  0  0 
 53 55  1  1  0  0  0 
 53 61  1  0  0  0  0 
 53102  1  0  0  0  0 
 54 57  1  0  0  0  0 
 54 59  1  0  0  0  0 
 63 54  1  0  0  0  0 
 56 58  1  0  0  0  0 
 60 67  1  0  0  0  0 
 60 74  1  0  0  0  0 
 81 60  1  0  0  0  0 
 65 61  1  0  0  0  0 
 62 64  1  0  0  0  0 
 62 68  1  0  0  0  0 
 62 69  1  0  0  0  0 
 63 66  1  0  0  0  0 
 63 71  1  0  0  0  0 
 75 63  1  0  0  0  0 
 65 70  1  6  0  0  0 
 72 65  1  0  0  0  0 
 65118  1  1  0  0  0 
 69 73  1  0  0  0  0 
 72 77  1  6  0  0  0 
 72 80  1  1  0  0  0 
 86 72  1  0  0  0  0 
 75 78  1  0  0  0  0 
 75 82  1  0  0  0  0 
 84 75  1  0  0  0  0 
 76 79  1  6  0  0  0 
 76 83  1  1  0  0  0 
 89 76  1  0  0  0  0 
 80 85  1  0  0  0  0 
 81 90  1  0  0  0  0 
 81 98  1  0  0  0  0 
108 81  1  0  0  0  0 
 83 87  1  0  0  0  0 
 84 88  1  0  0  0  0 
 84 92  1  0  0  0  0 
 84 96  1  0  0  0  0 
 86 93  1  6  0  0  0 
 86 94  1  1  0  0  0 
102 86  1  0  0  0  0 
 89 91  1  1  0  0  0 
 89 95  1  6  0  0  0 
 94 99  1  0  0  0  0 
 95 97  1  0  0  0  0 
100103  1  6  0  0  0 
100106  1  0  0  0  0 
100116  1  1  0  0  0 
101104  1  0  0  0  0 
101107  1  0  0  0  0 
101111  1  0  0  0  0 
102105  1  1  0  0  0 
102109  1  6  0  0  0 
106110  1  0  0  0  0 
106114  1  0  0  0  0 
106117  1  0  0  0  0 
108112  1  0  0  0  0 
108119  1  0  0  0  0 
109115  1  0  0  0  0 
111113  1  0  0  0  0 
116120  1  0  0  0  0 
116121  1  0  0  0  0 
116122  1  0  0  0  0 
M  CHG  1 116   1
M  END
