
  Mrv0541 02171510252D          

 18 17  0  0  0  0            999 V2000
   -0.1127    3.1046    0.0000 C   0  0  0  0  0  0  0  0  0  0  0  0
    0.6974    2.9487    0.0000 C   0  0  0  0  0  0  0  0  0  0  0  0
    1.2375    3.5724    0.0000 C   0  0  0  0  0  0  0  0  0  0  0  0
    2.0476    3.4164    0.0000 C   0  0  0  0  0  0  0  0  0  0  0  0
    2.5877    4.0401    0.0000 C   0  0  0  0  0  0  0  0  0  0  0  0
    3.3979    3.8842    0.0000 C   0  0  0  0  0  0  0  0  0  0  0  0
    3.9379    4.5078    0.0000 C   0  0  0  0  0  0  0  0  0  0  0  0
    4.7481    4.3519    0.0000 C   0  0  0  0  0  0  0  0  0  0  0  0
    5.0181    3.5724    0.0000 C   0  0  0  0  0  0  0  0  0  0  0  0
    4.4780    2.9487    0.0000 C   0  0  0  0  0  0  0  0  0  0  0  0
    4.7481    2.1692    0.0000 C   0  0  0  0  0  0  0  0  0  0  0  0
    5.5582    2.0133    0.0000 C   0  0  0  0  0  0  0  0  0  0  0  0
    6.0983    2.6369    0.0000 C   0  0  0  0  0  0  0  0  0  0  0  0
    6.9084    2.4810    0.0000 C   0  0  0  0  0  0  0  0  0  0  0  0
    7.4485    3.1046    0.0000 C   0  0  0  0  0  0  0  0  0  0  0  0
    8.2587    2.9487    0.0000 C   0  0  0  0  0  0  0  0  0  0  0  0
    8.7987    3.5724    0.0000 O   0  5  0  0  0  0  0  0  0  0  0  0
    8.5287    2.1692    0.0000 O   0  0  0  0  0  0  0  0  0  0  0  0
  1  2  1  0  0  0  0
  2  3  1  0  0  0  0
  3  4  1  0  0  0  0
  4  5  1  0  0  0  0
  5  6  1  0  0  0  0
  6  7  1  0  0  0  0
  7  8  1  0  0  0  0
  8  9  1  0  0  0  0
  9 10  1  0  0  0  0
 10 11  2  0  0  0  0
 11 12  1  0  0  0  0
 12 13  1  0  0  0  0
 13 14  1  0  0  0  0
 14 15  1  0  0  0  0
 15 16  1  0  0  0  0
 16 17  1  0  0  0  0
 16 18  2  0  0  0  0
M  CHG  1  17  -1
M  END
