M01191
  Mrv1637 04201716002D          
InChIKey=MJWMOLDKMBISOB-YDGGZUKGSA-J
125127  0  0  1  0            999 V2000
  -12.1591    4.5863    0.0000 H   0  0  0  0  0  0  0  0  0  0  0  0
  -12.8735    4.1738    0.0000 O   0  0  0  0  0  0  0  0  0  0  0  0
  -12.8735    3.3488    0.0000 C   0  0  1  0  0  0  0  0  0  0  0  0
  -12.1591    3.7613    0.0000 H   0  0  0  0  0  0  0  0  0  0  0  0
  -12.1591    2.9363    0.0000 C   0  0  0  0  0  0  0  0  0  0  0  0
  -12.1591    2.1113    0.0000 O   0  0  0  0  0  0  0  0  0  0  0  0
  -11.4446    3.3488    0.0000 N   0  0  0  0  0  0  0  0  0  0  0  0
  -11.0321    4.0633    0.0000 H   0  0  0  0  0  0  0  0  0  0  0  0
  -10.7301    2.9363    0.0000 C   0  0  0  0  0  0  0  0  0  0  0  0
  -11.1004    2.1991    0.0000 H   0  0  0  0  0  0  0  0  0  0  0  0
  -10.3599    2.1991    0.0000 H   0  0  0  0  0  0  0  0  0  0  0  0
  -10.0157    3.3488    0.0000 C   0  0  0  0  0  0  0  0  0  0  0  0
   -9.6454    4.0861    0.0000 H   0  0  0  0  0  0  0  0  0  0  0  0
  -10.3859    4.0861    0.0000 H   0  0  0  0  0  0  0  0  0  0  0  0
   -9.3012    2.9363    0.0000 C   0  0  0  0  0  0  0  0  0  0  0  0
   -9.3012    2.1113    0.0000 O   0  0  0  0  0  0  0  0  0  0  0  0
   -8.5867    3.3488    0.0000 N   0  0  0  0  0  0  0  0  0  0  0  0
   -8.5867    4.1738    0.0000 H   0  0  0  0  0  0  0  0  0  0  0  0
   -7.8722    2.9363    0.0000 C   0  0  0  0  0  0  0  0  0  0  0  0
   -8.2425    2.1991    0.0000 H   0  0  0  0  0  0  0  0  0  0  0  0
   -7.5020    2.1991    0.0000 H   0  0  0  0  0  0  0  0  0  0  0  0
   -7.1578    3.3488    0.0000 C   0  0  0  0  0  0  0  0  0  0  0  0
   -6.7875    4.0861    0.0000 H   0  0  0  0  0  0  0  0  0  0  0  0
   -7.5280    4.0861    0.0000 H   0  0  0  0  0  0  0  0  0  0  0  0
   -6.4433    2.9363    0.0000 S   0  0  0  0  0  0  0  0  0  0  0  0
   -5.7288    3.3488    0.0000 C   0  0  0  0  0  0  0  0  0  0  0  0
   -5.7288    4.1738    0.0000 O   0  0  0  0  0  0  0  0  0  0  0  0
   -5.0144    2.9363    0.0000 C   0  0  0  0  0  0  0  0  0  0  0  0
   -5.3846    2.1991    0.0000 H   0  0  0  0  0  0  0  0  0  0  0  0
   -4.6441    2.1991    0.0000 H   0  0  0  0  0  0  0  0  0  0  0  0
   -4.2999    3.3488    0.0000 C   0  0  0  0  0  0  0  0  0  0  0  0
   -3.9296    4.0861    0.0000 H   0  0  0  0  0  0  0  0  0  0  0  0
   -4.6702    4.0861    0.0000 H   0  0  0  0  0  0  0  0  0  0  0  0
   -3.5854    2.9363    0.0000 C   0  0  0  0  0  0  0  0  0  0  0  0
   -3.9557    2.1991    0.0000 H   0  0  0  0  0  0  0  0  0  0  0  0
   -3.2152    2.1991    0.0000 H   0  0  0  0  0  0  0  0  0  0  0  0
   -2.8710    3.3488    0.0000 C   0  0  0  0  0  0  0  0  0  0  0  0
   -2.5007    4.0861    0.0000 H   0  0  0  0  0  0  0  0  0  0  0  0
   -3.2412    4.0861    0.0000 H   0  0  0  0  0  0  0  0  0  0  0  0
   -2.1565    2.9363    0.0000 C   0  0  0  0  0  0  0  0  0  0  0  0
   -2.5267    2.1991    0.0000 H   0  0  0  0  0  0  0  0  0  0  0  0
   -1.7862    2.1991    0.0000 H   0  0  0  0  0  0  0  0  0  0  0  0
   -1.4420    3.3488    0.0000 C   0  0  0  0  0  0  0  0  0  0  0  0
   -0.7275    2.9363    0.0000 H   0  0  0  0  0  0  0  0  0  0  0  0
   -1.4420    4.1738    0.0000 C   0  0  0  0  0  0  0  0  0  0  0  0
   -0.7275    4.5863    0.0000 H   0  0  0  0  0  0  0  0  0  0  0  0
   -2.1565    4.5863    0.0000 C   0  0  0  0  0  0  0  0  0  0  0  0
   -2.9443    4.8312    0.0000 H   0  0  0  0  0  0  0  0  0  0  0  0
   -1.4420    4.9988    0.0000 H   0  0  0  0  0  0  0  0  0  0  0  0
   -2.1565    5.4113    0.0000 C   0  0  0  0  0  0  0  0  0  0  0  0
   -1.5245    5.9416    0.0000 H   0  0  0  0  0  0  0  0  0  0  0  0
   -2.0132    6.2238    0.0000 H   0  0  0  0  0  0  0  0  0  0  0  0
   -2.8710    5.8238    0.0000 C   0  0  0  0  0  0  0  0  0  0  0  0
   -3.6946    5.7759    0.0000 H   0  0  0  0  0  0  0  0  0  0  0  0
   -3.3243    5.1346    0.0000 H   0  0  0  0  0  0  0  0  0  0  0  0
   -2.8710    6.6488    0.0000 C   0  0  0  0  0  0  0  0  0  0  0  0
   -2.1746    7.0912    0.0000 H   0  0  0  0  0  0  0  0  0  0  0  0
   -2.8884    7.4737    0.0000 H   0  0  0  0  0  0  0  0  0  0  0  0
   -3.5854    7.0613    0.0000 C   0  0  0  0  0  0  0  0  0  0  0  0
   -4.4090    7.0134    0.0000 H   0  0  0  0  0  0  0  0  0  0  0  0
   -4.0388    6.3721    0.0000 H   0  0  0  0  0  0  0  0  0  0  0  0
   -3.5854    7.8863    0.0000 C   0  0  0  0  0  0  0  0  0  0  0  0
   -2.9499    8.4124    0.0000 H   0  0  0  0  0  0  0  0  0  0  0  0
   -3.4387    8.6982    0.0000 H   0  0  0  0  0  0  0  0  0  0  0  0
   -4.2999    8.2988    0.0000 C   0  0  0  0  0  0  0  0  0  0  0  0
   -5.1235    8.2509    0.0000 H   0  0  0  0  0  0  0  0  0  0  0  0
   -4.7532    7.6096    0.0000 H   0  0  0  0  0  0  0  0  0  0  0  0
   -4.2999    9.1238    0.0000 C   0  0  0  0  0  0  0  0  0  0  0  0
   -3.7454    9.7348    0.0000 H   0  0  0  0  0  0  0  0  0  0  0  0
   -4.7352    9.8246    0.0000 H   0  0  0  0  0  0  0  0  0  0  0  0
   -5.0932    8.8975    0.0000 H   0  0  0  0  0  0  0  0  0  0  0  0
  -13.5880    2.9363    0.0000 C   0  0  0  0  0  0  0  0  0  0  0  0
  -14.0005    3.6508    0.0000 C   0  0  0  0  0  0  0  0  0  0  0  0
  -13.2860    4.0633    0.0000 H   0  0  0  0  0  0  0  0  0  0  0  0
  -14.4130    4.3653    0.0000 H   0  0  0  0  0  0  0  0  0  0  0  0
  -14.7150    3.2383    0.0000 H   0  0  0  0  0  0  0  0  0  0  0  0
  -13.1755    2.2219    0.0000 C   0  0  0  0  0  0  0  0  0  0  0  0
  -13.8900    1.8094    0.0000 H   0  0  0  0  0  0  0  0  0  0  0  0
  -12.7630    1.5074    0.0000 H   0  0  0  0  0  0  0  0  0  0  0  0
  -12.4610    2.6344    0.0000 H   0  0  0  0  0  0  0  0  0  0  0  0
  -14.3025    2.5238    0.0000 C   0  0  0  0  0  0  0  0  0  0  0  0
  -15.0777    2.2417    0.0000 H   0  0  0  0  0  0  0  0  0  0  0  0
  -14.5847    1.7486    0.0000 H   0  0  0  0  0  0  0  0  0  0  0  0
  -15.0170    2.9363    0.0000 O   0  0  0  0  0  0  0  0  0  0  0  0
  -15.7314    2.5238    0.0000 P   0  0  0  0  0  0  0  0  0  0  0  0
  -16.1439    3.2383    0.0000 O   0  5  0  0  0  0  0  0  0  0  0  0
  -15.3189    1.8094    0.0000 O   0  0  0  0  0  0  0  0  0  0  0  0
  -16.4459    2.1113    0.0000 O   0  0  0  0  0  0  0  0  0  0  0  0
  -17.1604    2.5238    0.0000 P   0  0  0  0  0  0  0  0  0  0  0  0
  -16.7479    3.2383    0.0000 O   0  5  0  0  0  0  0  0  0  0  0  0
  -17.5729    1.8094    0.0000 O   0  0  0  0  0  0  0  0  0  0  0  0
  -17.8748    2.9363    0.0000 O   0  0  0  0  0  0  0  0  0  0  0  0
  -18.5893    2.5238    0.0000 C   0  0  0  0  0  0  0  0  0  0  0  0
  -18.9596    1.7866    0.0000 H   0  0  0  0  0  0  0  0  0  0  0  0
  -18.2191    1.7866    0.0000 H   0  0  0  0  0  0  0  0  0  0  0  0
  -19.3038    2.9363    0.0000 C   0  0  1  0  0  0  0  0  0  0  0  0
  -18.6119    3.3857    0.0000 H   0  0  0  0  0  0  0  0  0  0  0  0
  -20.0575    2.6008    0.0000 O   0  0  0  0  0  0  0  0  0  0  0  0
  -20.6095    3.2139    0.0000 C   0  0  1  0  0  0  0  0  0  0  0  0
  -21.0588    3.9058    0.0000 H   0  0  0  0  0  0  0  0  0  0  0  0
  -21.4300    3.1276    0.0000 N   0  0  0  0  0  0  0  0  0  0  0  0
  -21.9820    3.7407    0.0000 C   0  0  0  0  0  0  0  0  0  0  0  0
  -22.2241    4.5294    0.0000 H   0  0  0  0  0  0  0  0  0  0  0  0
  -22.7357    3.4052    0.0000 N   0  0  0  0  0  0  0  0  0  0  0  0
  -22.6494    2.5847    0.0000 C   0  0  0  0  0  0  0  0  0  0  0  0
  -21.8425    2.4132    0.0000 C   0  0  0  0  0  0  0  0  0  0  0  0
  -21.5875    1.6285    0.0000 N   0  0  0  0  0  0  0  0  0  0  0  0
  -22.1396    1.0155    0.0000 C   0  0  0  0  0  0  0  0  0  0  0  0
  -21.8846    0.2308    0.0000 H   0  0  0  0  0  0  0  0  0  0  0  0
  -22.9465    1.1870    0.0000 N   0  0  0  0  0  0  0  0  0  0  0  0
  -23.2015    1.9716    0.0000 C   0  0  0  0  0  0  0  0  0  0  0  0
  -24.0084    2.1431    0.0000 N   0  0  0  0  0  0  0  0  0  0  0  0
  -24.2634    2.9277    0.0000 H   0  0  0  0  0  0  0  0  0  0  0  0
  -24.5605    1.5300    0.0000 H   0  0  0  0  0  0  0  0  0  0  0  0
  -20.1970    3.9283    0.0000 C   0  0  2  0  0  0  0  0  0  0  0  0
  -19.6778    4.5695    0.0000 H   0  0  0  0  0  0  0  0  0  0  0  0
  -20.5325    4.6820    0.0000 O   0  0  0  0  0  0  0  0  0  0  0  0
  -20.8705    5.4346    0.0000 H   0  0  0  0  0  0  0  0  0  0  0  0
  -19.3900    3.7568    0.0000 C   0  0  2  0  0  0  0  0  0  0  0  0
  -20.0031    3.2048    0.0000 H   0  0  0  0  0  0  0  0  0  0  0  0
  -18.7769    4.3089    0.0000 O   0  0  0  0  0  0  0  0  0  0  0  0
  -17.9923    4.0539    0.0000 P   0  0  0  0  0  0  0  0  0  0  0  0
  -18.2472    3.2693    0.0000 O   0  5  0  0  0  0  0  0  0  0  0  0
  -17.7374    4.8385    0.0000 O   0  5  0  0  0  0  0  0  0  0  0  0
  -17.2077    3.7990    0.0000 O   0  0  0  0  0  0  0  0  0  0  0  0
  1  2  1  0  0  0  0
  3  2  1  1  0  0  0
  3  4  1  6  0  0  0
  3  5  1  0  0  0  0
  5  6  2  0  0  0  0
  5  7  1  0  0  0  0
  7  8  1  0  0  0  0
  7  9  1  0  0  0  0
  9 10  1  0  0  0  0
  9 11  1  0  0  0  0
  9 12  1  0  0  0  0
 12 13  1  0  0  0  0
 12 14  1  0  0  0  0
 12 15  1  0  0  0  0
 15 16  2  0  0  0  0
 15 17  1  0  0  0  0
 17 18  1  0  0  0  0
 17 19  1  0  0  0  0
 19 20  1  0  0  0  0
 19 21  1  0  0  0  0
 19 22  1  0  0  0  0
 22 23  1  0  0  0  0
 22 24  1  0  0  0  0
 22 25  1  0  0  0  0
 25 26  1  0  0  0  0
 26 27  2  0  0  0  0
 26 28  1  0  0  0  0
 28 29  1  0  0  0  0
 28 30  1  0  0  0  0
 28 31  1  0  0  0  0
 31 32  1  0  0  0  0
 31 33  1  0  0  0  0
 31 34  1  0  0  0  0
 34 35  1  0  0  0  0
 34 36  1  0  0  0  0
 34 37  1  0  0  0  0
 37 38  1  0  0  0  0
 37 39  1  0  0  0  0
 37 40  1  0  0  0  0
 40 41  1  0  0  0  0
 40 42  1  0  0  0  0
 40 43  1  0  0  0  0
 43 44  1  0  0  0  0
 43 45  2  0  0  0  0
 45 46  1  0  0  0  0
 45 47  1  0  0  0  0
 47 48  1  0  0  0  0
 47 49  1  0  0  0  0
 47 50  1  0  0  0  0
 50 51  1  0  0  0  0
 50 52  1  0  0  0  0
 50 53  1  0  0  0  0
 53 54  1  0  0  0  0
 53 55  1  0  0  0  0
 53 56  1  0  0  0  0
 56 57  1  0  0  0  0
 56 58  1  0  0  0  0
 56 59  1  0  0  0  0
 59 60  1  0  0  0  0
 59 61  1  0  0  0  0
 59 62  1  0  0  0  0
 62 63  1  0  0  0  0
 62 64  1  0  0  0  0
 62 65  1  0  0  0  0
 65 66  1  0  0  0  0
 65 67  1  0  0  0  0
 65 68  1  0  0  0  0
 68 69  1  0  0  0  0
 68 70  1  0  0  0  0
 68 71  1  0  0  0  0
  3 72  1  0  0  0  0
 72 73  1  0  0  0  0
 73 74  1  0  0  0  0
 73 75  1  0  0  0  0
 73 76  1  0  0  0  0
 72 77  1  0  0  0  0
 77 78  1  0  0  0  0
 77 79  1  0  0  0  0
 77 80  1  0  0  0  0
 72 81  1  0  0  0  0
 81 82  1  0  0  0  0
 81 83  1  0  0  0  0
 81 84  1  0  0  0  0
 84 85  1  0  0  0  0
 85 86  1  0  0  0  0
 85 87  2  0  0  0  0
 85 88  1  0  0  0  0
 88 89  1  0  0  0  0
 89 90  1  0  0  0  0
 89 91  2  0  0  0  0
 89 92  1  0  0  0  0
 92 93  1  0  0  0  0
 93 94  1  0  0  0  0
 93 95  1  0  0  0  0
 96 93  1  1  0  0  0
 96 97  1  6  0  0  0
 96 98  1  0  0  0  0
 98 99  1  0  0  0  0
 99100  1  6  0  0  0
 99101  1  1  0  0  0
101102  1  0  0  0  0
102103  1  0  0  0  0
102104  2  0  0  0  0
104105  1  0  0  0  0
105106  2  0  0  0  0
101106  1  0  0  0  0
106107  1  0  0  0  0
107108  2  0  0  0  0
108109  1  0  0  0  0
108110  1  0  0  0  0
110111  2  0  0  0  0
105111  1  0  0  0  0
111112  1  0  0  0  0
112113  1  0  0  0  0
112114  1  0  0  0  0
 99115  1  0  0  0  0
115116  1  1  0  0  0
115117  1  6  0  0  0
117118  1  0  0  0  0
115119  1  0  0  0  0
 96119  1  0  0  0  0
119120  1  1  0  0  0
119121  1  1  0  0  0
121122  1  0  0  0  0
122123  1  0  0  0  0
122124  1  0  0  0  0
122125  2  0  0  0  0
M  CHG  4  86  -1  90  -1 123  -1 124  -1
M  END

